100 369
0 11
0 10
0 38
0 48
0 57
1 42
1 68
1 5
1 20
1 70
1 2
1 3
1 4
1 14
2 10
2 51
2 32
2 53
2 20
2 24
2 40
2 80
3 33
3 4
3 73
3 76
3 92
3 15
3 52
3 81
3 83
3 84
4 78
4 79
4 25
4 63
4 26
4 19
4 64
4 20
4 21
4 59
4 80
4 85
5 37
5 26
5 57
5 75
5 29
5 25
5 56
5 77
5 81
6 27
6 46
6 33
6 44
6 40
6 45
6 85
6 67
6 65
6 75
6 83
7 12
7 34
7 81
7 19
7 54
7 62
7 63
8 68
8 92
8 24
8 75
8 80
8 95
8 36
8 58
8 86
8 52
8 42
8 72
9 99
9 47
9 61
9 10
9 30
9 29
9 28
9 12
9 16
9 20
9 21
9 89
10 38
10 77
11 83
11 95
11 45
11 15
11 34
11 62
11 66
11 67
11 89
12 16
12 82
12 25
12 47
12 39
12 45
12 76
13 45
13 26
13 64
13 33
13 28
13 22
13 36
14 92
14 67
14 61
14 20
14 41
14 39
14 15
14 40
14 43
14 57
15 33
15 62
15 80
16 38
16 50
16 52
16 68
16 75
16 89
17 78
17 92
17 21
17 73
17 91
17 63
17 71
17 75
17 81
18 33
18 68
18 78
18 82
18 95
19 99
19 74
19 69
19 93
19 71
19 40
19 78
19 90
20 30
20 65
20 72
21 52
21 60
21 71
21 39
21 86
21 48
21 66
21 69
21 85
21 88
21 96
22 77
22 23
22 57
22 79
23 95
24 31
24 52
24 58
25 57
26 34
26 66
26 77
26 86
26 96
27 90
27 78
27 43
27 84
28 46
28 75
28 80
29 44
29 65
29 75
29 51
29 81
29 90
30 55
30 39
30 51
30 76
30 37
30 92
30 63
30 82
30 66
30 87
31 80
31 56
31 92
31 72
32 44
32 67
33 87
33 97
33 70
33 73
33 79
33 85
34 55
34 60
34 41
34 36
34 52
34 78
35 38
35 79
36 81
36 83
36 91
36 88
36 69
36 80
36 98
37 40
37 52
37 67
38 42
38 88
38 51
38 65
38 79
38 85
38 90
39 87
39 96
40 77
40 84
40 92
40 54
41 43
41 71
41 80
43 68
43 53
43 81
43 76
44 49
44 72
44 86
45 99
45 51
45 69
46 56
46 68
46 54
46 62
46 70
48 87
48 64
48 83
49 93
49 68
50 81
50 86
51 86
52 56
52 94
52 53
52 72
53 58
53 71
53 87
54 56
54 69
54 96
55 67
55 89
57 73
57 89
59 79
59 91
59 85
59 87
60 78
60 86
60 85
60 98
61 66
62 70
62 97
62 72
62 63
62 76
62 81
62 84
63 72
63 88
63 95
63 89
64 96
65 89
65 71
65 96
65 98
66 79
66 95
66 71
67 93
67 85
68 73
68 69
68 71
68 82
69 79
69 91
69 70
70 80
71 77
71 76
71 83
72 97
72 98
72 76
72 87
73 97
73 76
73 77
73 96
74 89
75 79
75 85
76 95
76 77
76 84
76 86
77 96
77 97
79 85
79 81
83 89
83 92
83 90
83 97
83 98
84 91
84 94
85 87
86 87
86 98
87 98
92 93
92 94
98 99
