200 740
0 2
0 182
0 178
0 199
1 87
1 137
1 184
1 174
1 67
1 62
1 135
1 45
1 80
1 11
1 55
1 155
2 125
2 42
2 79
2 88
2 132
3 157
3 86
3 151
3 36
3 62
3 77
3 131
3 57
3 105
3 134
4 153
4 158
4 36
4 53
4 42
4 51
4 85
4 106
5 148
5 21
5 65
5 199
6 111
6 148
6 91
6 163
6 164
7 142
7 127
7 10
7 18
7 56
7 73
8 198
8 146
8 15
8 108
8 128
8 193
9 128
9 140
9 144
9 106
9 130
9 175
9 24
9 75
9 176
10 136
10 71
10 152
10 187
10 111
10 20
10 30
10 39
10 90
10 104
11 164
11 66
11 161
11 129
11 24
11 14
11 68
11 91
11 136
11 176
12 82
12 189
12 41
12 151
12 149
12 54
12 177
12 109
12 102
12 21
12 16
12 27
12 66
13 14
13 72
13 145
13 43
13 68
13 107
13 117
13 128
13 177
13 196
13 199
14 17
14 23
14 29
14 103
14 108
14 124
14 171
14 179
15 141
15 59
15 156
15 27
15 77
15 89
16 148
16 67
16 78
16 141
16 22
16 172
16 134
16 52
16 75
16 85
17 51
17 42
17 181
17 53
17 98
17 191
17 73
17 78
17 102
17 111
18 74
18 131
18 144
19 115
19 113
19 87
19 32
19 59
19 168
19 173
20 168
20 117
20 66
20 193
20 131
20 188
20 144
20 31
21 30
21 49
21 66
21 175
22 198
22 35
22 38
22 52
22 92
22 188
23 57
23 91
23 178
23 157
23 48
23 167
23 68
23 70
23 95
24 199
24 180
24 122
24 47
24 68
24 85
24 156
24 163
24 198
25 159
25 75
25 40
25 62
25 44
25 168
25 50
25 55
26 159
26 65
26 34
26 149
26 48
26 60
26 103
26 110
27 198
27 154
27 109
27 149
27 161
27 111
27 126
27 144
27 176
28 183
28 88
28 59
28 192
28 128
28 137
28 31
28 33
28 186
28 83
28 91
29 106
29 122
29 42
29 53
29 84
29 34
29 128
29 179
29 185
30 37
30 76
30 182
30 113
30 172
30 197
30 101
30 41
30 52
31 70
31 93
31 150
32 66
32 78
32 34
32 62
32 87
33 193
33 66
34 159
34 180
34 56
34 112
34 150
34 39
34 142
34 57
34 132
34 196
35 54
35 83
35 154
36 138
36 181
36 182
36 142
36 110
36 127
36 134
36 188
37 39
37 40
37 72
37 88
38 50
38 92
38 164
39 145
39 171
39 93
39 85
39 88
39 103
39 119
39 134
39 173
40 96
40 198
40 117
40 110
40 54
40 143
41 63
41 90
41 121
42 58
42 71
42 183
42 160
42 109
42 85
43 198
43 67
43 70
43 77
43 47
43 83
43 187
44 137
44 95
44 128
45 124
45 193
46 120
46 74
46 68
46 126
46 72
46 109
46 124
47 60
47 133
47 157
47 121
47 108
47 78
47 135
47 59
47 69
48 177
48 161
48 197
48 67
48 167
48 93
48 165
48 61
48 96
48 108
48 132
49 78
49 191
49 53
49 64
49 69
49 97
50 51
50 165
50 55
50 103
50 193
51 163
51 140
51 186
51 168
52 84
52 57
52 129
52 73
53 114
53 70
53 96
53 136
54 160
54 187
54 72
54 105
54 111
54 138
55 134
55 141
55 74
55 189
55 108
55 65
55 69
56 145
56 105
56 126
57 74
57 155
57 189
57 60
57 109
58 162
58 69
58 125
59 170
59 148
59 162
59 106
59 60
59 102
59 129
59 155
60 104
60 65
60 139
60 146
60 176
60 199
61 118
61 152
61 154
62 162
62 155
62 109
62 77
62 125
62 69
62 90
62 95
62 96
62 116
63 138
63 95
63 104
63 105
64 151
64 174
64 176
64 110
64 130
64 73
64 181
64 121
64 79
65 101
65 180
65 196
65 97
65 172
65 183
65 79
65 103
66 111
66 186
66 126
67 129
68 154
68 109
68 139
69 77
69 96
69 117
70 147
70 92
70 76
70 184
70 134
70 82
70 88
71 102
71 143
71 173
72 105
72 77
72 161
72 183
72 122
72 189
72 110
72 119
72 168
72 199
73 166
73 192
73 152
73 176
73 190
73 108
74 173
74 178
75 142
75 120
76 163
76 142
76 179
77 173
77 193
77 94
78 136
78 90
79 153
79 140
79 90
79 180
79 195
79 81
79 105
79 182
80 198
80 121
80 90
80 141
80 117
80 138
81 102
81 155
81 94
82 174
82 170
82 97
82 133
82 172
83 180
83 131
83 97
84 173
84 123
84 124
85 130
85 160
86 140
87 168
87 140
88 132
88 92
88 148
88 95
88 139
88 168
89 98
89 197
89 150
89 116
89 105
89 130
89 159
89 91
89 132
90 137
90 179
90 164
90 195
90 131
90 147
91 157
92 179
92 127
92 115
92 185
92 186
93 155
93 197
93 132
93 171
94 100
94 107
94 128
95 128
95 112
95 123
95 150
95 156
95 188
96 160
96 184
96 149
96 134
96 162
96 119
96 127
96 175
97 138
98 105
99 197
99 106
99 139
100 159
100 153
100 143
100 185
100 199
101 150
101 102
101 121
101 140
102 167
102 105
103 147
103 133
103 114
103 150
103 107
103 174
104 131
104 124
104 162
104 127
104 152
105 188
106 192
107 122
107 160
107 143
107 172
107 183
107 123
107 135
107 156
108 181
108 129
108 110
109 113
110 170
110 164
110 127
111 146
111 115
111 125
112 125
112 161
112 124
112 126
113 148
114 186
115 143
115 185
116 117
116 160
116 185
117 119
117 198
117 190
117 182
118 178
118 154
118 129
118 133
118 182
119 176
119 167
119 174
119 130
119 136
120 133
120 159
120 176
121 167
121 126
121 160
122 146
122 132
122 193
123 134
123 154
123 196
124 164
124 190
124 128
124 142
124 155
125 195
125 153
125 188
126 135
126 132
126 145
127 142
127 131
127 160
128 191
128 144
129 195
129 197
129 167
130 188
131 186
131 135
131 165
131 152
131 196
132 191
132 159
133 186
133 164
134 140
134 179
136 180
137 153
137 185
138 144
138 173
138 186
138 193
139 166
139 171
139 176
139 153
139 183
140 159
140 155
140 194
142 187
142 174
142 177
143 170
143 172
144 164
145 163
146 156
147 187
148 167
148 156
149 196
150 164
150 186
152 189
152 178
152 190
155 176
155 190
156 164
157 182
158 185
159 160
161 173
162 188
163 166
163 198
163 185
167 180
167 198
168 169
170 178
171 185
173 174
173 178
176 180
178 194
185 194
