PS C:\Users\10502190\Desktop\research_code\or-tools>  c:; cd 'c:\Users\10502190\Desktop\research_code\or-tools'; & 'C:\Users\10502190\AppData\Local\Programs\Eclipse Adoptium\jdk-17.0.9.9-hotspot\bin\java.exe' '@C:\Users\10502190\AppData\Local\Temp\cp_b6lo2huqvwgfcsz44bb8ubph4.argfile' 'com.google.ortools.RunPMAlgTime'
cor_allsports

Data set with 200 nodes
Start: k = 2
Finish

PM times:
4112.0 5070.0 5231.0 4775.0 5521.0 5987.0 3502.0 5278.0 3978.0 3869.0 3963.0 3583.0 5957.0 4254.0 3690.0 3712.0 3906.0 3968.0 3870.0 3665.0

Start: k = 3
Finish

PM times:
3747.0 4045.0 4171.0 3305.0 4106.0 4036.0 3513.0 3169.0 3077.0 3205.0 3597.0 3353.0 4080.0 4714.0 4079.0 3791.0 4220.0 3971.0 3501.0 3726.0

Start: k = 4
Finish

PM times:
3626.0 4619.0 3109.0 3316.0 3236.0 3885.0 3633.0 3439.0 3720.0 4985.0 4501.0 3852.0 3943.0 3089.0 3380.0 3352.0 3428.0 3291.0 3152.0 3191.0

Start: k = 5
Finish

PM times:
3336.0 3409.0 3519.0 4042.0 3982.0 6345.0 4633.0 4273.0 3552.0 3828.0 4814.0 4311.0 3833.0 6890.0 3312.0 3331.0 3441.0 3584.0 4580.0 4163.0

Start: k = 6
Finish

PM times:
6052.0 4557.0 4360.0 5329.0 5323.0 4989.0 3665.0 3562.0 4292.0 4973.0 4264.0 3736.0 4151.0 5565.0 4635.0 4252.0 4595.0 4902.0 4851.0 4102.0

Start: k = 7
Finish

PM times:
4261.0 4218.0 4993.0 5656.0 4826.0 4788.0 5031.0 4689.0 4408.0 6047.0 5469.0 4886.0 5210.0 4707.0 4314.0 5738.0 7057.0 7142.0 6015.0 4629.0

Start: k = 8
Finish

PM times:
4501.0 4418.0 6126.0 4448.0 4993.0 4713.0 4586.0 5156.0 5634.0 4590.0 4755.0 5321.0 4993.0 4619.0 4664.0 5724.0 5232.0 5420.0 5201.0 5810.0

Start: k = 9
Finish

PM times:
6708.0 6175.0 6516.0 6202.0 5300.0 4513.0 4753.0 4232.0 4504.0 4470.0 7412.0 7186.0 4472.0 6998.0 5589.0 5930.0 5550.0 4794.0 5627.0 5075.0

Start: k = 10
Finish

PM times:
5650.0 5621.0 5156.0 5516.0 5127.0 5396.0 4844.0 3866.0 3826.0 3971.0 4924.0 4931.0 4899.0 4780.0 4759.0 5461.0 5870.0 6431.0 7913.0 7152.0

cor_gym

Data set with 94 nodes
Start: k = 2
Finish

PM times:
1242.0 1036.0 918.0 1201.0 1766.0 1712.0 903.0 897.0 941.0 949.0 1198.0 1255.0 1199.0 1292.0 1359.0 859.0 836.0 842.0 924.0 841.0

Start: k = 3
Finish

PM times:
1201.0 1071.0 1064.0 1548.0 987.0 987.0 989.0 1124.0 1016.0 998.0 1090.0 987.0 1511.0 929.0 967.0 977.0 972.0 1013.0 991.0 1043.0

Start: k = 4
Finish

PM times:
1355.0 1763.0 1228.0 1207.0 1202.0 1300.0 1219.0 1220.0 1218.0 1395.0 1725.0 1373.0 1414.0 1228.0 1200.0 1196.0 1282.0 1244.0 1275.0 1269.0

Start: k = 5
Finish

PM times:
3117.0 2438.0 2515.0 2398.0 2480.0 2486.0 2632.0 2483.0 2542.0 3039.0 2818.0 2686.0 2550.0 2641.0 2522.0 2628.0 2602.0 2645.0 2617.0 3154.0

Start: k = 6
Finish

PM times:
3154.0 2932.0 3098.0 3124.0 3066.0 3112.0 3054.0 3176.0 2983.0 3523.0 2962.0 2955.0 3082.0 3131.0 3085.0 3089.0 3048.0 3077.0 3546.0 3052.0

Start: k = 7
Finish

PM times:
2396.0 2314.0 2411.0 2389.0 2491.0 2360.0 2578.0 2788.0 2389.0 2298.0 2416.0 2385.0 2438.0 2425.0 2925.0 2412.0 3008.0 2368.0 2504.0 2439.0

Start: k = 8
Finish

PM times:
2526.0 2459.0 2544.0 2887.0 2513.0 2472.0 2490.0 2428.0 2632.0 2512.0 3092.0 2512.0 2456.0 2445.0 2495.0 2536.0 2835.0 2437.0 2393.0 2551.0

Start: k = 9
Finish

PM times:
2517.0 2520.0 2897.0 2488.0 2395.0 2509.0 2484.0 3210.0 2463.0 2521.0 2464.0 2570.0 2829.0 2575.0 2498.0 2541.0 2423.0 2803.0 2362.0 2454.0 

Start: k = 10
Finish

PM times:
2452.0 2598.0 2832.0 2517.0 2439.0 2523.0 2473.0 2737.0 2427.0 2474.0 2478.0 2804.0 2640.0 2671.0 2552.0 2474.0 2916.0 2597.0 2652.0 2613.0

cor_cora200

Data set with 190 nodes
Start: k = 2
Finish

PM times:
5347.0 6847.0 4209.0 4247.0 4133.0 4037.0 4439.0 4280.0 4633.0 4349.0 5128.0 5225.0 4152.0 4429.0 4587.0 4855.0 5149.0 4919.0 4104.0 4906.0

Start: k = 3
Finish

PM times:
5397.0 4615.0 4110.0 3820.0 3748.0 3789.0 3887.0 4146.0 4395.0 4648.0 3822.0 4716.0 4500.0 5174.0 5627.0 6059.0 6268.0 7289.0 7474.0 6314.0

Start: k = 4
Finish

PM times:
4273.0 5170.0 4301.0 4210.0 5114.0 4377.0 3826.0 4263.0 4598.0 5058.0 5116.0 4465.0 6836.0 7204.0 5289.0 5448.0 6049.0 5247.0 5530.0 5901.0

Start: k = 5
Finish

PM times:
7321.0 6509.0 6569.0 7346.0 7330.0 6701.0 7348.0 7084.0 6637.0 7092.0 8019.0 7389.0 6938.0 6223.0 5530.0 5763.0 5581.0 6309.0 5765.0 6252.0

Start: k = 6
Finish

PM times:
9605.0 8778.0 8874.0 9114.0 8089.0 7370.0 9173.0 10749.0 9826.0 9968.0 10623.0 11091.0 11236.0 11193.0 10178.0 8016.0 7197.0 7548.0 8662.0 7947.0    

Start: k = 7
Finish

PM times:
13241.0 13754.0 16577.0 14006.0 13920.0 13340.0 13814.0 17989.0 17302.0 15832.0 16513.0 15950.0 18485.0 15335.0 15310.0 16898.0 16295.0 15350.0 15553.0 15815.0

Start: k = 8
Finish

PM times:
19226.0 17867.0 19303.0 18333.0 17908.0 18439.0 18457.0 17587.0 17637.0 20685.0 20831.0 19742.0 21412.0 19987.0 18115.0 20645.0 20856.0 22135.0 21237.0 21526.0

Start: k = 9
Finish

PM times:
30865.0 27792.0 31962.0 31260.0 30870.0 28575.0 29302.0 27823.0 28037.0 27979.0 29103.0 29346.0 28847.0 28720.0 29125.0 28165.0 29225.0 29530.0 28189.0 28440.0

Start: k = 10
Finish

PM times:
35498.0 36527.0 47478.0 40502.0 42887.0 43916.0 41114.0 38612.0 35453.0 34345.0 34619.0 34668.0 34848.0 34824.0 34982.0 34804.0 34700.0 35913.0 35590.0 36166.0

cor_captchas

Data set with 244 nodes
Start: k = 2
Finish

PM times:
12404.0 10944.0 8078.0 6746.0 7088.0 7327.0 8997.0 7732.0 7452.0 8343.0 8922.0 13373.0 9105.0 8832.0 8344.0 10253.0 10962.0 9515.0 12876.0 10542.0   

Start: k = 3
Finish

PM times:
10838.0 12207.0 11373.0 10141.0 9303.0 8132.0 7741.0 7423.0 8787.0 11985.0 11830.0 11291.0 13316.0 10472.0 7049.0 6984.0 7677.0 8323.0 8935.0 11015.0


Start: k = 4
Finish

PM times:
11267.0 9150.0 9203.0 8734.0 11815.0 11030.0 10402.0 10955.0 12122.0 9102.0 9054.0 10093.0 9237.0 7655.0 7777.0 7939.0 9874.0 12084.0 12534.0 13055.0


Start: k = 5
Finish

PM times:
15149.0 9112.0 7379.0 8709.0 8614.0 8534.0 8406.0 14595.0 9732.0 9158.0 11933.0 9736.0 14299.0 10925.0 10311.0 10581.0 8824.0 9241.0 11172.0 10024.0 

Start: k = 6
Finish

PM times:
10988.0 8859.0 10789.0 7865.0 7714.0 8358.0 11549.0 12994.0 13789.0 15818.0 14554.0 13906.0 8382.0 8158.0 8384.0 12407.0 9436.0 9598.0 9352.0 13461.0


Start: k = 7
Finish

PM times:
9996.0 11932.0 10681.0 11016.0 11103.0 10979.0 12426.0 10610.0 10188.0 10145.0 8311.0 7677.0 8439.0 10537.0 13086.0 13341.0 14441.0 15302.0 17450.0 10399.0

Start: k = 8
Finish

PM times: 
7847.0 7955.0 9890.0 8747.0 9707.0 10433.0 10102.0 9529.0 10763.0 10500.0 12260.0 9214.0 9466.0 9579.0 9317.0 10948.0 11666.0 9821.0 10960.0 11130.0 

Start: k = 9
Finish

PM times:
15511.0 9648.0 10142.0 13244.0 11644.0 10676.0 12194.0 13356.0 12532.0 13915.0 9031.0 8464.0 11401.0 9642.0 10393.0 10143.0 9457.0 7796.0 7031.0 7175.0

Start: k = 10
Finish

PM times:
8936.0 12263.0 12963.0 14104.0 14465.0 16415.0 16328.0 16820.0 14289.0 8144.0 7627.0 8006.0 9425.0 13417.0 9290.0 8665.0 9456.0 13162.0 10248.0 11560.0

syn_100_10

Data set with 100 nodes
Start: k = 2
Finish

PM times:
3067.0 2265.0 2334.0 2041.0 2410.0 2576.0 2206.0 3007.0 3571.0 2350.0 2564.0 2358.0 2058.0 2971.0 2384.0 2100.0 2137.0 2213.0 2038.0 2651.0

Start: k = 3
Finish

PM times:
2177.0 2163.0 2410.0 2314.0 2408.0 2414.0 2455.0 2278.0 3012.0 2158.0 2222.0 2139.0 2095.0 3124.0 2518.0 2148.0 2380.0 2167.0 2292.0 1968.0

Start: k = 4
Finish

PM times:
4246.0 2586.0 2707.0 2464.0 2511.0 2485.0 2515.0 2905.0 2336.0 2354.0 2397.0 2308.0 2427.0 2360.0 2918.0 2297.0 2365.0 2289.0 2441.0 2313.0

Start: k = 5
Finish

PM times:
3211.0 2694.0 3212.0 2715.0 2705.0 2807.0 2623.0 2730.0 2683.0 2847.0 3177.0 2646.0 2697.0 2602.0 2730.0 2578.0 2784.0 2692.0 3177.0 2642.0 

Start: k = 6
Finish

PM times:
2344.0 2275.0 2300.0 2246.0 2460.0 2342.0 2927.0 2259.0 2431.0 2247.0 2370.0 2246.0 2510.0 2450.0 2327.0 2835.0 2413.0 2227.0 2270.0 2271.0

Start: k = 7
Finish

PM times:
2062.0 2085.0 2126.0 2620.0 1997.0 2112.0 2051.0 1997.0 2078.0 2007.0 2198.0 2660.0 2395.0 1997.0 2017.0 2093.0 2082.0 2190.0 2137.0 2278.0

Start: k = 8
Finish

PM times:
2541.0 2024.0 2006.0 1987.0 2089.0 1946.0 1981.0 2006.0 2523.0 2054.0 1953.0 2054.0 2050.0 2144.0 2143.0 2022.0 2155.0 2454.0 2071.0 1919.0

Start: k = 9
Finish

PM times:
1398.0 1453.0 1373.0 1370.0 1458.0 2636.0 2280.0 2040.0 1970.0 2317.0 2210.0 2636.0 1973.0 1869.0 3243.0 2011.0 2071.0 2641.0 2955.0 2843.0

Start: k = 10
Finish

PM times:
2062.0 2520.0 2434.0 2323.0 1881.0 1844.0 1756.0 1092.0 1089.0 1638.0 997.0 1070.0 1069.0 1066.0 1020.0 1067.0 1486.0 997.0 1002.0 973.0

syn_200_10

Data set with 200 nodes
Start: k = 2
Finish

PM times:
3806.0 3878.0 4099.0 4289.0 4502.0 4763.0 4919.0 5415.0 6558.0 5828.0 5684.0 6143.0 6337.0 6421.0 11041.0 7349.0 7095.0 5515.0 4586.0 4185.0

Start: k = 3
Finish

PM times:
10405.0 11243.0 10259.0 10599.0 10512.0 11186.0 10558.0 11175.0 11142.0 11966.0 10923.0 11106.0 11374.0 12414.0 16287.0 13005.0 13805.0 13358.0 12736.0 12920.0

Start: k = 4
Finish

PM times:
21936.0 21551.0 21443.0 17685.0 17745.0 17759.0 18651.0 19177.0 20842.0 20288.0 20415.0 21704.0 22393.0 22254.0 21118.0 18259.0 21953.0 22904.0 24147.0 18848.0

Start: k = 5
Finish

PM times:
16748.0 19697.0 16087.0 16380.0 17669.0 15583.0 15633.0 17305.0 18776.0 21372.0 21938.0 18040.0 20933.0 19095.0 19593.0 18096.0 15411.0 16357.0 15600.0 15901.0

Start: k = 6
Finish

PM times:
12397.0 12787.0 13649.0 13831.0 14700.0 15856.0 16782.0 15675.0 15583.0 16388.0 16536.0 12078.0 16487.0 17288.0 18313.0 16869.0 12856.0 13180.0 12467.0 12491.0

Start: k = 7
Finish

PM times:
8404.0 9113.0 12205.0 10602.0 9163.0 9616.0 10130.0 10236.0 14185.0 12883.0 10825.0 10538.0 11158.0 12814.0 11084.0 10438.0 11349.0 11931.0 11461.0 10523.0

Start: k = 8
Finish

PM times:
8103.0 7718.0 6044.0 5578.0 5624.0 5433.0 5624.0 7114.0 7139.0 7686.0 8640.0 9595.0 9964.0 10030.0 11060.0 10882.0 10958.0 13891.0 8805.0 6791.0 

Start: k = 9
Finish

PM times:
5774.0 6083.0 8177.0 6584.0 8121.0 7025.0 7988.0 6278.0 7233.0 5210.0 4394.0 4254.0 7747.0 5019.0 5374.0 5697.0 6981.0 7527.0 4572.0 8838.0

Start: k = 10
Finish

PM times:
9320.0 10149.0 5750.0 6137.0 5809.0 6066.0 7186.0 7503.0 9185.0 4466.0 4061.0 4045.0 4570.0 5161.0 5708.0 6260.0 6577.0 7649.0 8087.0 8879.0

PS C:\Users\10502190\Desktop\research_code\or-tools>