PS C:\Users\10502190\Desktop\research_code\or-tools>  & 'C:\Users\10502190\AppData\Local\Programs\Eclipse Adoptium\jdk-17.0.9.9-hotspot\bin\java.exe' '@C:\Users\10502190\AppData\Local\Temp\cp_b6lo2huqvwgfcsz44bb8ubph4.argfile' 'com.google.ortools.RunImprovedAlgTime'
cor_allsports

Data set with 200 nodes
Start: k = 2
Finish

Improved times: 
3756.0 3416.0 3160.0 3469.0 3067.0 3284.0 3502.0 3234.0 3603.0 3802.0 6669.0 3431.0 4047.0 3167.0 3283.0 3609.0 4383.0 3989.0 3866.0 3508.0 

Start: k = 3
Finish

Improved times: 
4031.0 4373.0 3770.0 3609.0 4429.0 4357.0 3466.0 3565.0 5597.0 6128.0 4412.0 4862.0 5029.0 4216.0 4402.0 4954.0 4447.0 4719.0 5121.0 4566.0 

Start: k = 4
Finish

Improved times:
4462.0 3748.0 3483.0 4286.0 4900.0 5495.0 5250.0 3834.0 5108.0 5861.0 5434.0 5301.0 4935.0 3231.0 3445.0 4042.0 4192.0 4217.0 4973.0 3780.0

Start: k = 5
Finish

Improved times:
3337.0 3691.0 3343.0 4863.0 4137.0 4057.0 4114.0 3846.0 4533.0 5385.0 4054.0 4702.0 4809.0 4513.0 3894.0 3411.0 3607.0 4182.0 4233.0 4097.0

Start: k = 6
Finish

Improved times:
4116.0 4614.0 3293.0 3422.0 3463.0 3979.0 4306.0 5225.0 5168.0 4123.0 4200.0 3815.0 4238.0 4312.0 4824.0 4309.0 4236.0 4136.0 4108.0 5444.0 

Start: k = 7
Finish

Improved times:
5013.0 4901.0 4363.0 4541.0 4115.0 4283.0 9288.0 4263.0 4620.0 4401.0 4826.0 4323.0 4960.0 4800.0 4527.0 4787.0 5123.0 4424.0 4340.0 4771.0

Start: k = 8
Finish

Improved times: 
4511.0 4883.0 4746.0 4735.0 6372.0 7340.0 5736.0 5073.0 5030.0 4261.0 5163.0 4635.0 5610.0 5596.0 4617.0 5545.0 5503.0 5709.0 4844.0 5583.0

Start: k = 9
Finish

Improved times:
5427.0 5951.0 5534.0 6719.0 6519.0 5573.0 5679.0 5919.0 7330.0 6865.0 6306.0 6311.0 8017.0 6871.0 6156.0 4256.0 4157.0 4165.0 4624.0 8500.0 

Start: k = 10
Finish

Improved times:
6586.0 5421.0 5155.0 4973.0 5112.0 6257.0 5877.0 7756.0 6028.0 5047.0 6318.0 5313.0 5477.0 6248.0 5858.0 5677.0 4881.0 5685.0 5043.0 4851.0 

cor_gym

Data set with 94 nodes
Start: k = 2
Finish

Improved times:
1724.0 1742.0 1559.0 1559.0 1615.0 2051.0 1592.0 1567.0 1531.0 1571.0 1667.0 1532.0 1554.0 2059.0 1429.0 1437.0 1706.0 1563.0 1510.0 1562.0

Start: k = 3
Finish

Improved times:
1834.0 1802.0 2287.0 1809.0 1771.0 1734.0 1725.0 1855.0 1698.0 1767.0 1987.0 2281.0 1963.0 1854.0 1850.0 1818.0 1804.0 1727.0 1927.0 1907.0

Start: k = 4
Finish

Improved times:
3780.0 3304.0 3250.0 3326.0 3271.0 3296.0 3406.0 3441.0 3448.0 3564.0 3791.0 3227.0 3281.0 3320.0 3198.0 3397.0 3342.0 3421.0 3774.0 3506.0

Start: k = 5
Finish

Improved times:
4409.0 3736.0 3896.0 3875.0 3945.0 3821.0 4009.0 3942.0 3972.0 3992.0 4311.0 3741.0 3860.0 3854.0 3940.0 3808.0 3913.0 3951.0 3950.0 4046.0

Start: k = 6
Finish

Improved times:
3603.0 3060.0 3052.0 3047.0 3038.0 2955.0 3121.0 3126.0 3350.0 3662.0 3062.0 3019.0 3350.0 3232.0 3068.0 3135.0 3253.0 3167.0 3213.0 3697.0

Start: k = 7
Finish

Improved times:
3221.0 3151.0 3206.0 3123.0 3159.0 3050.0 3139.0 3149.0 3197.0 3634.0 3007.0 3103.0 3395.0 2985.0 3173.0 3072.0 3111.0 3282.0 3287.0 3676.0

Start: k = 8
Finish

Improved times:
3216.0 3142.0 3247.0 3450.0 3396.0 3631.0 3222.0 3219.0 3214.0 3705.0 3044.0 3078.0 3137.0 2977.0 3048.0 3186.0 2999.0 3324.0 3132.0 3592.0

Start: k = 9
Finish

Improved times:
3163.0 3163.0 3172.0 3176.0 3096.0 3183.0 3170.0 3184.0 3347.0 3715.0 3116.0 3233.0 3161.0 3092.0 3240.0 3189.0 3254.0 3427.0 3237.0 3801.0

Start: k = 10
Finish

Improved times:
2593.0 2322.0 2428.0 2330.0 2422.0 2557.0 2749.0 2536.0 2733.0 3143.0 2477.0 2712.0 2656.0 2357.0 2545.0 2400.0 2515.0 2541.0 2810.0 3012.0

cor_cora200

Data set with 190 nodes
Start: k = 2
Finish

Improved times:
4560.0 5456.0 5778.0 4977.0 4989.0 5343.0 6063.0 6611.0 7504.0 7120.0 7060.0 7470.0 5192.0 6880.0 4946.0 7200.0 4305.0 4811.0 5006.0 4583.0

Start: k = 3
Finish

Improved times:
5369.0 6139.0 5416.0 5068.0 5266.0 5301.0 5547.0 5377.0 5176.0 6610.0 5734.0 5332.0 4885.0 4307.0 4275.0 4259.0 7216.0 3964.0 3934.0 4141.0

Start: k = 4
Finish

Improved times:
6500.0 7336.0 8095.0 8109.0 8283.0 7897.0 5606.0 8642.0 9020.0 9530.0 9635.0 5976.0 7212.0 6161.0 6325.0 5870.0 5890.0 6093.0 5800.0 6650.0

Start: k = 5
Finish

Improved times:
8562.0 8366.0 8402.0 8676.0 8127.0 12034.0 11155.0 9682.0 9949.0 9616.0 11137.0 10156.0 11189.0 10242.0 11962.0 10798.0 10627.0 9117.0 9339.0 9180.0 

Start: k = 6
Finish

Improved times:
15855.0 15427.0 13831.0 13161.0 13549.0 13973.0 13840.0 14352.0 14403.0 14270.0 16396.0 14955.0 16654.0 15894.0 15960.0 16012.0 13529.0 16753.0 17564.0 20628.0

Start: k = 7
Finish

Improved times:
26138.0 23214.0 19767.0 22341.0 19545.0 19270.0 19043.0 19232.0 19806.0 21335.0 19630.0 19590.0 19964.0 20190.0 19208.0 19744.0 21448.0 20722.0 20339.0 20550.0

Start: k = 8
Finish

Improved times:
42197.0 34855.0 36488.0 36362.0 34716.0 33740.0 32594.0 29217.0 28981.0 29255.0 29489.0 29900.0 29170.0 32490.0 30070.0 30405.0 30553.0 30394.0 29307.0 31743.0

Start: k = 9
Finish

Improved times:
39907.0 40392.0 40269.0 41063.0 40033.0 37759.0 40002.0 39101.0 38002.0 37990.0 39161.0 37312.0 37864.0 38871.0 38187.0 38025.0 38899.0 38215.0 38754.0 37583.0

Start: k = 10
Finish

Improved times:
43692.0 44777.0 42809.0 42634.0 43082.0 43162.0 41695.0 43252.0 44585.0 43347.0 43508.0 44741.0 43339.0 43404.0 56828.0 51108.0 48577.0 45994.0 41730.0 41965.0

cor_captchas

Data set with 244 nodes
Start: k = 2
Finish

Improved times:
7235.0 7653.0 8363.0 8291.0 9353.0 11285.0 8703.0 8098.0 7729.0 7716.0 8285.0 8810.0 8735.0 9257.0 14033.0 10298.0 9504.0 10502.0 11866.0 14248.0    

Start: k = 3
Finish

Improved times:
12108.0 11905.0 9663.0 10287.0 9770.0 10718.0 12063.0 9755.0 8651.0 9646.0 10701.0 11018.0 11652.0 13735.0 14020.0 10876.0 7661.0 7550.0 8859.0 8547.0

Start: k = 4
Finish

Improved times:
9567.0 9373.0 9116.0 9310.0 10805.0 9526.0 9537.0 14613.0 10304.0 9208.0 9708.0 10751.0 10515.0 11860.0 12731.0 14860.0 10596.0 11017.0 12685.0 11417.0

Start: k = 5
Finish

Improved times:
11206.0 10811.0 17495.0 12926.0 10821.0 6942.0 8298.0 7095.0 7022.0 7216.0 6824.0 7208.0 7127.0 6715.0 6913.0 7128.0 6615.0 6843.0 6835.0 7272.0     

Start: k = 6
Finish

Improved times:
7209.0 7200.0 7189.0 8175.0 6731.0 8119.0 7801.0 6916.0 6836.0 6993.0 7404.0 7179.0 6633.0 7164.0 7141.0 6479.0 7113.0 6657.0 6914.0 7300.0

Start: k = 7
Finish

Improved times:
6866.0 7242.0 6984.0 6899.0 6936.0 6797.0 6926.0 7044.0 7078.0 7215.0 7567.0 8199.0 8682.0 8591.0 9522.0 6962.0 6426.0 9153.0 8406.0 8087.0

Start: k = 8
Finish

Improved times:
8281.0 8761.0 7977.0 10364.0 9659.0 8962.0 9267.0 10385.0 9715.0 9163.0 10507.0 9919.0 9352.0 10286.0 9969.0 9717.0 11027.0 9648.0 9602.0 10676.0 

Start: k = 9
Finish

Improved times:
10332.0 11365.0 10802.0 9805.0 15768.0 9164.0 9336.0 8577.0 10075.0 9093.0 9058.0 9874.0 11351.0 11452.0 12965.0 10387.0 15076.0 11165.0 12330.0 12601.0

Start: k = 10
Finish

Improved times:
15362.0 13650.0 12104.0 12749.0 17332.0 16611.0 16966.0 14358.0 16934.0 18850.0 15198.0 11600.0 10918.0 12282.0 11701.0 9648.0 10066.0 9730.0 11202.0 17436.0

syn_100_10

Data set with 100 nodes
Start: k = 2
Finish

Improved times:
2401.0 2302.0 2308.0 2390.0 2333.0 2669.0 2024.0 1987.0 2136.0 2087.0 2233.0 2062.0 2470.0 2091.0 1925.0 2013.0 1949.0 1961.0 2180.0 2440.0

Start: k = 3
Finish

Improved times:
3056.0 3062.0 2887.0 3005.0 3033.0 3102.0 3035.0 3417.0 2997.0 2892.0 2975.0 3047.0 2938.0 3028.0 3062.0 3929.0 2993.0 2894.0 3027.0 3016.0

Start: k = 4
Finish

Improved times:
3250.0 3522.0 3471.0 3885.0 3341.0 3293.0 3248.0 3403.0 3315.0 3350.0 3510.0 3999.0 3354.0 3290.0 3519.0 3356.0 3268.0 3463.0 3471.0 3935.0

Start: k = 5
Finish

Improved times:
2882.0 2855.0 2845.0 2887.0 2821.0 2926.0 2980.0 3404.0 2947.0 2765.0 2885.0 2814.0 2886.0 2880.0 3001.0 3438.0 2797.0 2851.0 2828.0 2879.0

Start: k = 6
Finish

Improved times:
2607.0 2508.0 2709.0 3038.0 2582.0 2479.0 2590.0 2485.0 2598.0 2499.0 2708.0 3075.0 2503.0 2484.0 2588.0 2600.0 2483.0 2717.0 2639.0 3116.0

Start: k = 7
Finish

Improved times:
2489.0 2577.0 2439.0 2524.0 2487.0 2546.0 2686.0 2599.0 2948.0 2515.0 2410.0 2498.0 2441.0 2604.0 2547.0 2665.0 3287.0 2541.0 2556.0 2464.0

Start: k = 8
Finish

Improved times:
1859.0 1969.0 1891.0 2048.0 1977.0 2515.0 1889.0 1827.0 1901.0 1855.0 1837.0 1994.0 1863.0 2576.0 1831.0 2027.0 2006.0 1850.0 1918.0 2163.0

Start: k = 9
Finish

Improved times:
1916.0 2293.0 1570.0 1624.0 1595.0 1603.0 1579.0 1838.0 1869.0 2237.0 1554.0 1532.0 1609.0 1628.0 1896.0 1985.0 1819.0 2096.0 1584.0 1502.0

Start: k = 10
Finish

Improved times:
1097.0 1127.0 1239.0 1379.0 1604.0 1813.0 1026.0 1020.0 1020.0 1085.0 1202.0 1683.0 1696.0 1112.0 1004.0 1004.0 1029.0 1110.0 1234.0 1208.0

syn_200_10

Data set with 200 nodes
Start: k = 2
Finish

Improved times:
12076.0 14182.0 17323.0 12429.0 12499.0 12852.0 15646.0 12470.0 13256.0 11024.0 10171.0 10329.0 10639.0 11317.0 11576.0 12040.0 12413.0 13864.0 14484.0 14845.0

Start: k = 3
Finish

Improved times:
24354.0 23678.0 24818.0 24645.0 27174.0 26072.0 25716.0 25134.0 25324.0 19304.0 22673.0 21143.0 21501.0 19947.0 20126.0 20039.0 20218.0 20571.0 21110.0 20302.0

Start: k = 4
Finish

Improved times:
18084.0 19147.0 17778.0 18093.0 19345.0 17969.0 17972.0 19061.0 25637.0 21206.0 19816.0 22648.0 23293.0 22239.0 19879.0 20683.0 20796.0 20014.0 20625.0 20069.0

Start: k = 5
Finish

Improved times:
14595.0 14185.0 14438.0 12873.0 13425.0 14436.0 14829.0 15506.0 15506.0 16043.0 18000.0 18956.0 18513.0 18639.0 21386.0 19022.0 21342.0 19639.0 19498.0 19644.0

Start: k = 6
Finish

Improved times:
18498.0 14346.0 9723.0 9531.0 9666.0 9750.0 8927.0 10713.0 10124.0 10297.0 11942.0 9956.0 13246.0 12992.0 11313.0 11738.0 13878.0 13693.0 13453.0 14305.0

Start: k = 7
Finish

Improved times:
9441.0 8278.0 9377.0 8200.0 8850.0 7983.0 8447.0 8044.0 8048.0 8814.0 6401.0 6402.0 6163.0 6423.0 7554.0 7193.0 7140.0 8094.0 8378.0 10443.0

Start: k = 8
Finish

Improved times:
9900.0 10227.0 11163.0 11952.0 11990.0 11888.0 5193.0 13011.0 12705.0 10807.0 5442.0 9199.0 7122.0 5797.0 6769.0 6350.0 5839.0 5961.0 7346.0 6981.0 

Start: k = 9
Finish

Improved times:
9948.0 8360.0 9650.0 9402.0 8533.0 6538.0 7837.0 7341.0 6682.0 7035.0 7582.0 6830.0 5190.0 5326.0 6402.0 6367.0 5849.0 5958.0 7561.0 8733.0

Start: k = 10
Finish

Improved times:
8772.0 11124.0 12130.0 11681.0 15739.0 13574.0 13769.0 4947.0 14367.0 9063.0 5734.0 6454.0 6007.0 6223.0 11553.0 6478.0 6749.0 6119.0 6791.0 6185.0  

PS C:\Users\10502190\Desktop\research_code\or-tools> 